{
 "cells": [
  {
   "cell_type": "code",
   "execution_count": 1,
   "metadata": {},
   "outputs": [],
   "source": [
    "import pandas as pd # import python library pandas as \"pd\"\n",
    "import numpy as np # import python library numpy as \"np\""
   ]
  },
  {
   "cell_type": "code",
   "execution_count": 2,
   "metadata": {},
   "outputs": [],
   "source": [
    "col_names = [\"banana_density\", \"banana_mass\", \"apple_density\", \"apple_mass\"]\n",
    "# define four column names as \"col_names\" for float data sampled by numpy\n",
    "df = pd.DataFrame(np.random.random_sample((10, 4)), columns = col_names)\n",
    "# sampling 10 rows and 4 columns float data by numpy using column defined as col_names & define \"df\" "
   ]
  },
  {
   "cell_type": "code",
   "execution_count": 3,
   "metadata": {},
   "outputs": [
    {
     "data": {
      "text/html": [
       "<div>\n",
       "<style scoped>\n",
       "    .dataframe tbody tr th:only-of-type {\n",
       "        vertical-align: middle;\n",
       "    }\n",
       "\n",
       "    .dataframe tbody tr th {\n",
       "        vertical-align: top;\n",
       "    }\n",
       "\n",
       "    .dataframe thead th {\n",
       "        text-align: right;\n",
       "    }\n",
       "</style>\n",
       "<table border=\"1\" class=\"dataframe\">\n",
       "  <thead>\n",
       "    <tr style=\"text-align: right;\">\n",
       "      <th></th>\n",
       "      <th>banana_density</th>\n",
       "      <th>banana_mass</th>\n",
       "      <th>apple_density</th>\n",
       "      <th>apple_mass</th>\n",
       "    </tr>\n",
       "  </thead>\n",
       "  <tbody>\n",
       "    <tr>\n",
       "      <th>0</th>\n",
       "      <td>0.596787</td>\n",
       "      <td>0.027990</td>\n",
       "      <td>0.964768</td>\n",
       "      <td>0.863551</td>\n",
       "    </tr>\n",
       "    <tr>\n",
       "      <th>1</th>\n",
       "      <td>0.137807</td>\n",
       "      <td>0.596638</td>\n",
       "      <td>0.165356</td>\n",
       "      <td>0.299236</td>\n",
       "    </tr>\n",
       "    <tr>\n",
       "      <th>2</th>\n",
       "      <td>0.455877</td>\n",
       "      <td>0.492838</td>\n",
       "      <td>0.539180</td>\n",
       "      <td>0.232804</td>\n",
       "    </tr>\n",
       "    <tr>\n",
       "      <th>3</th>\n",
       "      <td>0.007686</td>\n",
       "      <td>0.284739</td>\n",
       "      <td>0.405392</td>\n",
       "      <td>0.087751</td>\n",
       "    </tr>\n",
       "    <tr>\n",
       "      <th>4</th>\n",
       "      <td>0.068916</td>\n",
       "      <td>0.336842</td>\n",
       "      <td>0.763202</td>\n",
       "      <td>0.395569</td>\n",
       "    </tr>\n",
       "    <tr>\n",
       "      <th>5</th>\n",
       "      <td>0.629501</td>\n",
       "      <td>0.796544</td>\n",
       "      <td>0.074215</td>\n",
       "      <td>0.350283</td>\n",
       "    </tr>\n",
       "    <tr>\n",
       "      <th>6</th>\n",
       "      <td>0.560748</td>\n",
       "      <td>0.572446</td>\n",
       "      <td>0.314556</td>\n",
       "      <td>0.607547</td>\n",
       "    </tr>\n",
       "    <tr>\n",
       "      <th>7</th>\n",
       "      <td>0.197538</td>\n",
       "      <td>0.880312</td>\n",
       "      <td>0.166776</td>\n",
       "      <td>0.795233</td>\n",
       "    </tr>\n",
       "    <tr>\n",
       "      <th>8</th>\n",
       "      <td>0.267608</td>\n",
       "      <td>0.232679</td>\n",
       "      <td>0.107385</td>\n",
       "      <td>0.798177</td>\n",
       "    </tr>\n",
       "    <tr>\n",
       "      <th>9</th>\n",
       "      <td>0.227369</td>\n",
       "      <td>0.798886</td>\n",
       "      <td>0.209409</td>\n",
       "      <td>0.562038</td>\n",
       "    </tr>\n",
       "  </tbody>\n",
       "</table>\n",
       "</div>"
      ],
      "text/plain": [
       "   banana_density  banana_mass  apple_density  apple_mass\n",
       "0        0.596787     0.027990       0.964768    0.863551\n",
       "1        0.137807     0.596638       0.165356    0.299236\n",
       "2        0.455877     0.492838       0.539180    0.232804\n",
       "3        0.007686     0.284739       0.405392    0.087751\n",
       "4        0.068916     0.336842       0.763202    0.395569\n",
       "5        0.629501     0.796544       0.074215    0.350283\n",
       "6        0.560748     0.572446       0.314556    0.607547\n",
       "7        0.197538     0.880312       0.166776    0.795233\n",
       "8        0.267608     0.232679       0.107385    0.798177\n",
       "9        0.227369     0.798886       0.209409    0.562038"
      ]
     },
     "execution_count": 3,
     "metadata": {},
     "output_type": "execute_result"
    }
   ],
   "source": [
    "df # check a 10 by 4 dataframe sampled in above command line"
   ]
  },
  {
   "cell_type": "code",
   "execution_count": 4,
   "metadata": {},
   "outputs": [
    {
     "data": {
      "text/html": [
       "<div>\n",
       "<style scoped>\n",
       "    .dataframe tbody tr th:only-of-type {\n",
       "        vertical-align: middle;\n",
       "    }\n",
       "\n",
       "    .dataframe tbody tr th {\n",
       "        vertical-align: top;\n",
       "    }\n",
       "\n",
       "    .dataframe thead th {\n",
       "        text-align: right;\n",
       "    }\n",
       "</style>\n",
       "<table border=\"1\" class=\"dataframe\">\n",
       "  <thead>\n",
       "    <tr style=\"text-align: right;\">\n",
       "      <th></th>\n",
       "      <th>apple_density</th>\n",
       "      <th>apple_mass</th>\n",
       "      <th>apple_mass</th>\n",
       "    </tr>\n",
       "  </thead>\n",
       "  <tbody>\n",
       "    <tr>\n",
       "      <th>0</th>\n",
       "      <td>0.964768</td>\n",
       "      <td>0.863551</td>\n",
       "      <td>0.863551</td>\n",
       "    </tr>\n",
       "    <tr>\n",
       "      <th>1</th>\n",
       "      <td>0.165356</td>\n",
       "      <td>0.299236</td>\n",
       "      <td>0.299236</td>\n",
       "    </tr>\n",
       "    <tr>\n",
       "      <th>2</th>\n",
       "      <td>0.539180</td>\n",
       "      <td>0.232804</td>\n",
       "      <td>0.232804</td>\n",
       "    </tr>\n",
       "    <tr>\n",
       "      <th>3</th>\n",
       "      <td>0.405392</td>\n",
       "      <td>0.087751</td>\n",
       "      <td>0.087751</td>\n",
       "    </tr>\n",
       "    <tr>\n",
       "      <th>4</th>\n",
       "      <td>0.763202</td>\n",
       "      <td>0.395569</td>\n",
       "      <td>0.395569</td>\n",
       "    </tr>\n",
       "    <tr>\n",
       "      <th>5</th>\n",
       "      <td>0.074215</td>\n",
       "      <td>0.350283</td>\n",
       "      <td>0.350283</td>\n",
       "    </tr>\n",
       "    <tr>\n",
       "      <th>6</th>\n",
       "      <td>0.314556</td>\n",
       "      <td>0.607547</td>\n",
       "      <td>0.607547</td>\n",
       "    </tr>\n",
       "    <tr>\n",
       "      <th>7</th>\n",
       "      <td>0.166776</td>\n",
       "      <td>0.795233</td>\n",
       "      <td>0.795233</td>\n",
       "    </tr>\n",
       "    <tr>\n",
       "      <th>8</th>\n",
       "      <td>0.107385</td>\n",
       "      <td>0.798177</td>\n",
       "      <td>0.798177</td>\n",
       "    </tr>\n",
       "    <tr>\n",
       "      <th>9</th>\n",
       "      <td>0.209409</td>\n",
       "      <td>0.562038</td>\n",
       "      <td>0.562038</td>\n",
       "    </tr>\n",
       "  </tbody>\n",
       "</table>\n",
       "</div>"
      ],
      "text/plain": [
       "   apple_density  apple_mass  apple_mass\n",
       "0       0.964768    0.863551    0.863551\n",
       "1       0.165356    0.299236    0.299236\n",
       "2       0.539180    0.232804    0.232804\n",
       "3       0.405392    0.087751    0.087751\n",
       "4       0.763202    0.395569    0.395569\n",
       "5       0.074215    0.350283    0.350283\n",
       "6       0.314556    0.607547    0.607547\n",
       "7       0.166776    0.795233    0.795233\n",
       "8       0.107385    0.798177    0.798177\n",
       "9       0.209409    0.562038    0.562038"
      ]
     },
     "execution_count": 4,
     "metadata": {},
     "output_type": "execute_result"
    }
   ],
   "source": [
    "apples = [\"apple_density\", \"apple_mass\", \"apple_mass\"]\n",
    "# rearrange two columns and add(copy) a column except two columns & define as \"apples\"\n",
    "df[apples]\n",
    "# confirm dataframe defined as \"apples\""
   ]
  },
  {
   "cell_type": "code",
   "execution_count": 5,
   "metadata": {},
   "outputs": [
    {
     "data": {
      "text/html": [
       "<div>\n",
       "<style scoped>\n",
       "    .dataframe tbody tr th:only-of-type {\n",
       "        vertical-align: middle;\n",
       "    }\n",
       "\n",
       "    .dataframe tbody tr th {\n",
       "        vertical-align: top;\n",
       "    }\n",
       "\n",
       "    .dataframe thead th {\n",
       "        text-align: right;\n",
       "    }\n",
       "</style>\n",
       "<table border=\"1\" class=\"dataframe\">\n",
       "  <thead>\n",
       "    <tr style=\"text-align: right;\">\n",
       "      <th></th>\n",
       "      <th>apple_density</th>\n",
       "      <th>apple_mass</th>\n",
       "      <th>apple_mass</th>\n",
       "    </tr>\n",
       "  </thead>\n",
       "  <tbody>\n",
       "    <tr>\n",
       "      <th>0</th>\n",
       "      <td>0.964768</td>\n",
       "      <td>0.863551</td>\n",
       "      <td>0.863551</td>\n",
       "    </tr>\n",
       "    <tr>\n",
       "      <th>1</th>\n",
       "      <td>0.165356</td>\n",
       "      <td>0.299236</td>\n",
       "      <td>0.299236</td>\n",
       "    </tr>\n",
       "    <tr>\n",
       "      <th>2</th>\n",
       "      <td>0.539180</td>\n",
       "      <td>0.232804</td>\n",
       "      <td>0.232804</td>\n",
       "    </tr>\n",
       "    <tr>\n",
       "      <th>3</th>\n",
       "      <td>0.405392</td>\n",
       "      <td>0.087751</td>\n",
       "      <td>0.087751</td>\n",
       "    </tr>\n",
       "    <tr>\n",
       "      <th>4</th>\n",
       "      <td>0.763202</td>\n",
       "      <td>0.395569</td>\n",
       "      <td>0.395569</td>\n",
       "    </tr>\n",
       "    <tr>\n",
       "      <th>5</th>\n",
       "      <td>0.074215</td>\n",
       "      <td>0.350283</td>\n",
       "      <td>0.350283</td>\n",
       "    </tr>\n",
       "    <tr>\n",
       "      <th>6</th>\n",
       "      <td>0.314556</td>\n",
       "      <td>0.607547</td>\n",
       "      <td>0.607547</td>\n",
       "    </tr>\n",
       "    <tr>\n",
       "      <th>7</th>\n",
       "      <td>0.166776</td>\n",
       "      <td>0.795233</td>\n",
       "      <td>0.795233</td>\n",
       "    </tr>\n",
       "    <tr>\n",
       "      <th>8</th>\n",
       "      <td>0.107385</td>\n",
       "      <td>0.798177</td>\n",
       "      <td>0.798177</td>\n",
       "    </tr>\n",
       "    <tr>\n",
       "      <th>9</th>\n",
       "      <td>0.209409</td>\n",
       "      <td>0.562038</td>\n",
       "      <td>0.562038</td>\n",
       "    </tr>\n",
       "  </tbody>\n",
       "</table>\n",
       "</div>"
      ],
      "text/plain": [
       "   apple_density  apple_mass  apple_mass\n",
       "0       0.964768    0.863551    0.863551\n",
       "1       0.165356    0.299236    0.299236\n",
       "2       0.539180    0.232804    0.232804\n",
       "3       0.405392    0.087751    0.087751\n",
       "4       0.763202    0.395569    0.395569\n",
       "5       0.074215    0.350283    0.350283\n",
       "6       0.314556    0.607547    0.607547\n",
       "7       0.166776    0.795233    0.795233\n",
       "8       0.107385    0.798177    0.798177\n",
       "9       0.209409    0.562038    0.562038"
      ]
     },
     "execution_count": 5,
     "metadata": {},
     "output_type": "execute_result"
    }
   ],
   "source": [
    "df[[\"apple_density\", \"apple_mass\", \"apple_mass\"]]\n",
    "# confirm dataframe defined as \"apples\" using different method"
   ]
  },
  {
   "cell_type": "code",
   "execution_count": 6,
   "metadata": {},
   "outputs": [
    {
     "data": {
      "text/html": [
       "<div>\n",
       "<style scoped>\n",
       "    .dataframe tbody tr th:only-of-type {\n",
       "        vertical-align: middle;\n",
       "    }\n",
       "\n",
       "    .dataframe tbody tr th {\n",
       "        vertical-align: top;\n",
       "    }\n",
       "\n",
       "    .dataframe thead th {\n",
       "        text-align: right;\n",
       "    }\n",
       "</style>\n",
       "<table border=\"1\" class=\"dataframe\">\n",
       "  <thead>\n",
       "    <tr style=\"text-align: right;\">\n",
       "      <th></th>\n",
       "      <th>banana_density</th>\n",
       "      <th>banana_mass</th>\n",
       "      <th>apple_density</th>\n",
       "      <th>apple_mass</th>\n",
       "    </tr>\n",
       "  </thead>\n",
       "  <tbody>\n",
       "    <tr>\n",
       "      <th>5</th>\n",
       "      <td>0.629501</td>\n",
       "      <td>0.796544</td>\n",
       "      <td>0.074215</td>\n",
       "      <td>0.350283</td>\n",
       "    </tr>\n",
       "    <tr>\n",
       "      <th>0</th>\n",
       "      <td>0.596787</td>\n",
       "      <td>0.027990</td>\n",
       "      <td>0.964768</td>\n",
       "      <td>0.863551</td>\n",
       "    </tr>\n",
       "    <tr>\n",
       "      <th>6</th>\n",
       "      <td>0.560748</td>\n",
       "      <td>0.572446</td>\n",
       "      <td>0.314556</td>\n",
       "      <td>0.607547</td>\n",
       "    </tr>\n",
       "    <tr>\n",
       "      <th>2</th>\n",
       "      <td>0.455877</td>\n",
       "      <td>0.492838</td>\n",
       "      <td>0.539180</td>\n",
       "      <td>0.232804</td>\n",
       "    </tr>\n",
       "    <tr>\n",
       "      <th>8</th>\n",
       "      <td>0.267608</td>\n",
       "      <td>0.232679</td>\n",
       "      <td>0.107385</td>\n",
       "      <td>0.798177</td>\n",
       "    </tr>\n",
       "    <tr>\n",
       "      <th>9</th>\n",
       "      <td>0.227369</td>\n",
       "      <td>0.798886</td>\n",
       "      <td>0.209409</td>\n",
       "      <td>0.562038</td>\n",
       "    </tr>\n",
       "    <tr>\n",
       "      <th>7</th>\n",
       "      <td>0.197538</td>\n",
       "      <td>0.880312</td>\n",
       "      <td>0.166776</td>\n",
       "      <td>0.795233</td>\n",
       "    </tr>\n",
       "    <tr>\n",
       "      <th>1</th>\n",
       "      <td>0.137807</td>\n",
       "      <td>0.596638</td>\n",
       "      <td>0.165356</td>\n",
       "      <td>0.299236</td>\n",
       "    </tr>\n",
       "    <tr>\n",
       "      <th>4</th>\n",
       "      <td>0.068916</td>\n",
       "      <td>0.336842</td>\n",
       "      <td>0.763202</td>\n",
       "      <td>0.395569</td>\n",
       "    </tr>\n",
       "    <tr>\n",
       "      <th>3</th>\n",
       "      <td>0.007686</td>\n",
       "      <td>0.284739</td>\n",
       "      <td>0.405392</td>\n",
       "      <td>0.087751</td>\n",
       "    </tr>\n",
       "  </tbody>\n",
       "</table>\n",
       "</div>"
      ],
      "text/plain": [
       "   banana_density  banana_mass  apple_density  apple_mass\n",
       "5        0.629501     0.796544       0.074215    0.350283\n",
       "0        0.596787     0.027990       0.964768    0.863551\n",
       "6        0.560748     0.572446       0.314556    0.607547\n",
       "2        0.455877     0.492838       0.539180    0.232804\n",
       "8        0.267608     0.232679       0.107385    0.798177\n",
       "9        0.227369     0.798886       0.209409    0.562038\n",
       "7        0.197538     0.880312       0.166776    0.795233\n",
       "1        0.137807     0.596638       0.165356    0.299236\n",
       "4        0.068916     0.336842       0.763202    0.395569\n",
       "3        0.007686     0.284739       0.405392    0.087751"
      ]
     },
     "execution_count": 6,
     "metadata": {},
     "output_type": "execute_result"
    }
   ],
   "source": [
    "df.sort_values(\"banana_density\", ascending = False)\n",
    "# sort dataframe based on \"banana_density\" in descending order\n",
    "# \"ascending = False\" means desceding"
   ]
  },
  {
   "cell_type": "code",
   "execution_count": 7,
   "metadata": {},
   "outputs": [
    {
     "data": {
      "text/plain": [
       "array([0.51624209, 0.98329691, 0.42009236, 0.70013511, 0.60341093,\n",
       "       0.52759615, 0.25236709, 0.70796267, 0.18912526, 0.79579809])"
      ]
     },
     "execution_count": 7,
     "metadata": {},
     "output_type": "execute_result"
    }
   ],
   "source": [
    "some_new_column = np.random.random_sample((10,)) # make 10 new random values by numpy\n",
    "some_new_column # confirm 10 new random values"
   ]
  },
  {
   "cell_type": "code",
   "execution_count": 8,
   "metadata": {},
   "outputs": [],
   "source": [
    "df[\"mango_mass\"] = some_new_column\n",
    "# Adding a column named \"mango_mass\""
   ]
  },
  {
   "cell_type": "code",
   "execution_count": 9,
   "metadata": {},
   "outputs": [
    {
     "data": {
      "text/plain": [
       "0    0.516242\n",
       "1    0.983297\n",
       "2    0.420092\n",
       "3    0.700135\n",
       "4    0.603411\n",
       "5    0.527596\n",
       "6    0.252367\n",
       "7    0.707963\n",
       "8    0.189125\n",
       "9    0.795798\n",
       "dtype: float64"
      ]
     },
     "execution_count": 9,
     "metadata": {},
     "output_type": "execute_result"
    }
   ],
   "source": [
    "pd.Series(some_new_column)\n",
    "# confirm new column as pandas series"
   ]
  },
  {
   "cell_type": "code",
   "execution_count": 10,
   "metadata": {},
   "outputs": [
    {
     "data": {
      "text/html": [
       "<div>\n",
       "<style scoped>\n",
       "    .dataframe tbody tr th:only-of-type {\n",
       "        vertical-align: middle;\n",
       "    }\n",
       "\n",
       "    .dataframe tbody tr th {\n",
       "        vertical-align: top;\n",
       "    }\n",
       "\n",
       "    .dataframe thead th {\n",
       "        text-align: right;\n",
       "    }\n",
       "</style>\n",
       "<table border=\"1\" class=\"dataframe\">\n",
       "  <thead>\n",
       "    <tr style=\"text-align: right;\">\n",
       "      <th></th>\n",
       "      <th>banana_density</th>\n",
       "      <th>banana_mass</th>\n",
       "      <th>apple_density</th>\n",
       "      <th>apple_mass</th>\n",
       "      <th>mango_mass</th>\n",
       "    </tr>\n",
       "  </thead>\n",
       "  <tbody>\n",
       "    <tr>\n",
       "      <th>0</th>\n",
       "      <td>0.596787</td>\n",
       "      <td>0.027990</td>\n",
       "      <td>0.964768</td>\n",
       "      <td>0.863551</td>\n",
       "      <td>0.516242</td>\n",
       "    </tr>\n",
       "    <tr>\n",
       "      <th>1</th>\n",
       "      <td>0.137807</td>\n",
       "      <td>0.596638</td>\n",
       "      <td>0.165356</td>\n",
       "      <td>0.299236</td>\n",
       "      <td>0.983297</td>\n",
       "    </tr>\n",
       "    <tr>\n",
       "      <th>2</th>\n",
       "      <td>0.455877</td>\n",
       "      <td>0.492838</td>\n",
       "      <td>0.539180</td>\n",
       "      <td>0.232804</td>\n",
       "      <td>0.420092</td>\n",
       "    </tr>\n",
       "    <tr>\n",
       "      <th>3</th>\n",
       "      <td>0.007686</td>\n",
       "      <td>0.284739</td>\n",
       "      <td>0.405392</td>\n",
       "      <td>0.087751</td>\n",
       "      <td>0.700135</td>\n",
       "    </tr>\n",
       "    <tr>\n",
       "      <th>4</th>\n",
       "      <td>0.068916</td>\n",
       "      <td>0.336842</td>\n",
       "      <td>0.763202</td>\n",
       "      <td>0.395569</td>\n",
       "      <td>0.603411</td>\n",
       "    </tr>\n",
       "    <tr>\n",
       "      <th>5</th>\n",
       "      <td>0.629501</td>\n",
       "      <td>0.796544</td>\n",
       "      <td>0.074215</td>\n",
       "      <td>0.350283</td>\n",
       "      <td>0.527596</td>\n",
       "    </tr>\n",
       "    <tr>\n",
       "      <th>6</th>\n",
       "      <td>0.560748</td>\n",
       "      <td>0.572446</td>\n",
       "      <td>0.314556</td>\n",
       "      <td>0.607547</td>\n",
       "      <td>0.252367</td>\n",
       "    </tr>\n",
       "    <tr>\n",
       "      <th>7</th>\n",
       "      <td>0.197538</td>\n",
       "      <td>0.880312</td>\n",
       "      <td>0.166776</td>\n",
       "      <td>0.795233</td>\n",
       "      <td>0.707963</td>\n",
       "    </tr>\n",
       "    <tr>\n",
       "      <th>8</th>\n",
       "      <td>0.267608</td>\n",
       "      <td>0.232679</td>\n",
       "      <td>0.107385</td>\n",
       "      <td>0.798177</td>\n",
       "      <td>0.189125</td>\n",
       "    </tr>\n",
       "    <tr>\n",
       "      <th>9</th>\n",
       "      <td>0.227369</td>\n",
       "      <td>0.798886</td>\n",
       "      <td>0.209409</td>\n",
       "      <td>0.562038</td>\n",
       "      <td>0.795798</td>\n",
       "    </tr>\n",
       "  </tbody>\n",
       "</table>\n",
       "</div>"
      ],
      "text/plain": [
       "   banana_density  banana_mass  apple_density  apple_mass  mango_mass\n",
       "0        0.596787     0.027990       0.964768    0.863551    0.516242\n",
       "1        0.137807     0.596638       0.165356    0.299236    0.983297\n",
       "2        0.455877     0.492838       0.539180    0.232804    0.420092\n",
       "3        0.007686     0.284739       0.405392    0.087751    0.700135\n",
       "4        0.068916     0.336842       0.763202    0.395569    0.603411\n",
       "5        0.629501     0.796544       0.074215    0.350283    0.527596\n",
       "6        0.560748     0.572446       0.314556    0.607547    0.252367\n",
       "7        0.197538     0.880312       0.166776    0.795233    0.707963\n",
       "8        0.267608     0.232679       0.107385    0.798177    0.189125\n",
       "9        0.227369     0.798886       0.209409    0.562038    0.795798"
      ]
     },
     "execution_count": 10,
     "metadata": {},
     "output_type": "execute_result"
    }
   ],
   "source": [
    "df # confirm new dataframe defined as \"df\""
   ]
  },
  {
   "cell_type": "code",
   "execution_count": 11,
   "metadata": {},
   "outputs": [],
   "source": [
    "df_new = df.sort_values(\"banana_density\", ascending = False)\n",
    "# sort dataframe based on \"banana_density\" in descending order\n",
    "# \"ascending = False\" means desceding"
   ]
  },
  {
   "cell_type": "code",
   "execution_count": 12,
   "metadata": {},
   "outputs": [],
   "source": [
    "df_new[\"mango_mass\"] = pd.Series(some_new_column)\n",
    "# Adding data and column as \"mango_mass\" & define as df_new[\"mango_mass\"]"
   ]
  },
  {
   "cell_type": "code",
   "execution_count": 13,
   "metadata": {},
   "outputs": [
    {
     "data": {
      "text/html": [
       "<div>\n",
       "<style scoped>\n",
       "    .dataframe tbody tr th:only-of-type {\n",
       "        vertical-align: middle;\n",
       "    }\n",
       "\n",
       "    .dataframe tbody tr th {\n",
       "        vertical-align: top;\n",
       "    }\n",
       "\n",
       "    .dataframe thead th {\n",
       "        text-align: right;\n",
       "    }\n",
       "</style>\n",
       "<table border=\"1\" class=\"dataframe\">\n",
       "  <thead>\n",
       "    <tr style=\"text-align: right;\">\n",
       "      <th></th>\n",
       "      <th>banana_density</th>\n",
       "      <th>banana_mass</th>\n",
       "      <th>apple_density</th>\n",
       "      <th>apple_mass</th>\n",
       "      <th>mango_mass</th>\n",
       "    </tr>\n",
       "  </thead>\n",
       "  <tbody>\n",
       "    <tr>\n",
       "      <th>5</th>\n",
       "      <td>0.629501</td>\n",
       "      <td>0.796544</td>\n",
       "      <td>0.074215</td>\n",
       "      <td>0.350283</td>\n",
       "      <td>0.527596</td>\n",
       "    </tr>\n",
       "    <tr>\n",
       "      <th>0</th>\n",
       "      <td>0.596787</td>\n",
       "      <td>0.027990</td>\n",
       "      <td>0.964768</td>\n",
       "      <td>0.863551</td>\n",
       "      <td>0.516242</td>\n",
       "    </tr>\n",
       "    <tr>\n",
       "      <th>6</th>\n",
       "      <td>0.560748</td>\n",
       "      <td>0.572446</td>\n",
       "      <td>0.314556</td>\n",
       "      <td>0.607547</td>\n",
       "      <td>0.252367</td>\n",
       "    </tr>\n",
       "    <tr>\n",
       "      <th>2</th>\n",
       "      <td>0.455877</td>\n",
       "      <td>0.492838</td>\n",
       "      <td>0.539180</td>\n",
       "      <td>0.232804</td>\n",
       "      <td>0.420092</td>\n",
       "    </tr>\n",
       "    <tr>\n",
       "      <th>8</th>\n",
       "      <td>0.267608</td>\n",
       "      <td>0.232679</td>\n",
       "      <td>0.107385</td>\n",
       "      <td>0.798177</td>\n",
       "      <td>0.189125</td>\n",
       "    </tr>\n",
       "    <tr>\n",
       "      <th>9</th>\n",
       "      <td>0.227369</td>\n",
       "      <td>0.798886</td>\n",
       "      <td>0.209409</td>\n",
       "      <td>0.562038</td>\n",
       "      <td>0.795798</td>\n",
       "    </tr>\n",
       "    <tr>\n",
       "      <th>7</th>\n",
       "      <td>0.197538</td>\n",
       "      <td>0.880312</td>\n",
       "      <td>0.166776</td>\n",
       "      <td>0.795233</td>\n",
       "      <td>0.707963</td>\n",
       "    </tr>\n",
       "    <tr>\n",
       "      <th>1</th>\n",
       "      <td>0.137807</td>\n",
       "      <td>0.596638</td>\n",
       "      <td>0.165356</td>\n",
       "      <td>0.299236</td>\n",
       "      <td>0.983297</td>\n",
       "    </tr>\n",
       "    <tr>\n",
       "      <th>4</th>\n",
       "      <td>0.068916</td>\n",
       "      <td>0.336842</td>\n",
       "      <td>0.763202</td>\n",
       "      <td>0.395569</td>\n",
       "      <td>0.603411</td>\n",
       "    </tr>\n",
       "    <tr>\n",
       "      <th>3</th>\n",
       "      <td>0.007686</td>\n",
       "      <td>0.284739</td>\n",
       "      <td>0.405392</td>\n",
       "      <td>0.087751</td>\n",
       "      <td>0.700135</td>\n",
       "    </tr>\n",
       "  </tbody>\n",
       "</table>\n",
       "</div>"
      ],
      "text/plain": [
       "   banana_density  banana_mass  apple_density  apple_mass  mango_mass\n",
       "5        0.629501     0.796544       0.074215    0.350283    0.527596\n",
       "0        0.596787     0.027990       0.964768    0.863551    0.516242\n",
       "6        0.560748     0.572446       0.314556    0.607547    0.252367\n",
       "2        0.455877     0.492838       0.539180    0.232804    0.420092\n",
       "8        0.267608     0.232679       0.107385    0.798177    0.189125\n",
       "9        0.227369     0.798886       0.209409    0.562038    0.795798\n",
       "7        0.197538     0.880312       0.166776    0.795233    0.707963\n",
       "1        0.137807     0.596638       0.165356    0.299236    0.983297\n",
       "4        0.068916     0.336842       0.763202    0.395569    0.603411\n",
       "3        0.007686     0.284739       0.405392    0.087751    0.700135"
      ]
     },
     "execution_count": 13,
     "metadata": {},
     "output_type": "execute_result"
    }
   ],
   "source": [
    "df_new # confirm new dataframe defined as \"df_new\""
   ]
  },
  {
   "cell_type": "code",
   "execution_count": 14,
   "metadata": {},
   "outputs": [
    {
     "data": {
      "text/html": [
       "<div>\n",
       "<style scoped>\n",
       "    .dataframe tbody tr th:only-of-type {\n",
       "        vertical-align: middle;\n",
       "    }\n",
       "\n",
       "    .dataframe tbody tr th {\n",
       "        vertical-align: top;\n",
       "    }\n",
       "\n",
       "    .dataframe thead th {\n",
       "        text-align: right;\n",
       "    }\n",
       "</style>\n",
       "<table border=\"1\" class=\"dataframe\">\n",
       "  <thead>\n",
       "    <tr style=\"text-align: right;\">\n",
       "      <th></th>\n",
       "      <th>banana_density</th>\n",
       "      <th>banana_mass</th>\n",
       "      <th>apple_density</th>\n",
       "      <th>apple_mass</th>\n",
       "      <th>mango_mass</th>\n",
       "    </tr>\n",
       "  </thead>\n",
       "  <tbody>\n",
       "    <tr>\n",
       "      <th>0</th>\n",
       "      <td>0.629501</td>\n",
       "      <td>0.796544</td>\n",
       "      <td>0.074215</td>\n",
       "      <td>0.350283</td>\n",
       "      <td>0.527596</td>\n",
       "    </tr>\n",
       "    <tr>\n",
       "      <th>1</th>\n",
       "      <td>0.596787</td>\n",
       "      <td>0.027990</td>\n",
       "      <td>0.964768</td>\n",
       "      <td>0.863551</td>\n",
       "      <td>0.516242</td>\n",
       "    </tr>\n",
       "    <tr>\n",
       "      <th>2</th>\n",
       "      <td>0.560748</td>\n",
       "      <td>0.572446</td>\n",
       "      <td>0.314556</td>\n",
       "      <td>0.607547</td>\n",
       "      <td>0.252367</td>\n",
       "    </tr>\n",
       "    <tr>\n",
       "      <th>3</th>\n",
       "      <td>0.455877</td>\n",
       "      <td>0.492838</td>\n",
       "      <td>0.539180</td>\n",
       "      <td>0.232804</td>\n",
       "      <td>0.420092</td>\n",
       "    </tr>\n",
       "    <tr>\n",
       "      <th>4</th>\n",
       "      <td>0.267608</td>\n",
       "      <td>0.232679</td>\n",
       "      <td>0.107385</td>\n",
       "      <td>0.798177</td>\n",
       "      <td>0.189125</td>\n",
       "    </tr>\n",
       "    <tr>\n",
       "      <th>5</th>\n",
       "      <td>0.227369</td>\n",
       "      <td>0.798886</td>\n",
       "      <td>0.209409</td>\n",
       "      <td>0.562038</td>\n",
       "      <td>0.795798</td>\n",
       "    </tr>\n",
       "    <tr>\n",
       "      <th>6</th>\n",
       "      <td>0.197538</td>\n",
       "      <td>0.880312</td>\n",
       "      <td>0.166776</td>\n",
       "      <td>0.795233</td>\n",
       "      <td>0.707963</td>\n",
       "    </tr>\n",
       "    <tr>\n",
       "      <th>7</th>\n",
       "      <td>0.137807</td>\n",
       "      <td>0.596638</td>\n",
       "      <td>0.165356</td>\n",
       "      <td>0.299236</td>\n",
       "      <td>0.983297</td>\n",
       "    </tr>\n",
       "    <tr>\n",
       "      <th>8</th>\n",
       "      <td>0.068916</td>\n",
       "      <td>0.336842</td>\n",
       "      <td>0.763202</td>\n",
       "      <td>0.395569</td>\n",
       "      <td>0.603411</td>\n",
       "    </tr>\n",
       "    <tr>\n",
       "      <th>9</th>\n",
       "      <td>0.007686</td>\n",
       "      <td>0.284739</td>\n",
       "      <td>0.405392</td>\n",
       "      <td>0.087751</td>\n",
       "      <td>0.700135</td>\n",
       "    </tr>\n",
       "  </tbody>\n",
       "</table>\n",
       "</div>"
      ],
      "text/plain": [
       "   banana_density  banana_mass  apple_density  apple_mass  mango_mass\n",
       "0        0.629501     0.796544       0.074215    0.350283    0.527596\n",
       "1        0.596787     0.027990       0.964768    0.863551    0.516242\n",
       "2        0.560748     0.572446       0.314556    0.607547    0.252367\n",
       "3        0.455877     0.492838       0.539180    0.232804    0.420092\n",
       "4        0.267608     0.232679       0.107385    0.798177    0.189125\n",
       "5        0.227369     0.798886       0.209409    0.562038    0.795798\n",
       "6        0.197538     0.880312       0.166776    0.795233    0.707963\n",
       "7        0.137807     0.596638       0.165356    0.299236    0.983297\n",
       "8        0.068916     0.336842       0.763202    0.395569    0.603411\n",
       "9        0.007686     0.284739       0.405392    0.087751    0.700135"
      ]
     },
     "execution_count": 14,
     "metadata": {},
     "output_type": "execute_result"
    }
   ],
   "source": [
    "df_new.reset_index(drop = True)\n",
    "# reset only index except data"
   ]
  },
  {
   "cell_type": "code",
   "execution_count": 15,
   "metadata": {},
   "outputs": [],
   "source": [
    "df_new = df_new.reset_index(drop = True)\n",
    "# reset only index except data & redefine as \"df_new\""
   ]
  },
  {
   "cell_type": "code",
   "execution_count": 16,
   "metadata": {},
   "outputs": [
    {
     "data": {
      "text/html": [
       "<div>\n",
       "<style scoped>\n",
       "    .dataframe tbody tr th:only-of-type {\n",
       "        vertical-align: middle;\n",
       "    }\n",
       "\n",
       "    .dataframe tbody tr th {\n",
       "        vertical-align: top;\n",
       "    }\n",
       "\n",
       "    .dataframe thead th {\n",
       "        text-align: right;\n",
       "    }\n",
       "</style>\n",
       "<table border=\"1\" class=\"dataframe\">\n",
       "  <thead>\n",
       "    <tr style=\"text-align: right;\">\n",
       "      <th></th>\n",
       "      <th>banana_density</th>\n",
       "      <th>banana_mass</th>\n",
       "      <th>apple_density</th>\n",
       "      <th>apple_mass</th>\n",
       "      <th>mango_mass</th>\n",
       "    </tr>\n",
       "  </thead>\n",
       "  <tbody>\n",
       "    <tr>\n",
       "      <th>0</th>\n",
       "      <td>0.629501</td>\n",
       "      <td>0.796544</td>\n",
       "      <td>0.074215</td>\n",
       "      <td>0.350283</td>\n",
       "      <td>0.527596</td>\n",
       "    </tr>\n",
       "    <tr>\n",
       "      <th>1</th>\n",
       "      <td>0.596787</td>\n",
       "      <td>0.027990</td>\n",
       "      <td>0.964768</td>\n",
       "      <td>0.863551</td>\n",
       "      <td>0.516242</td>\n",
       "    </tr>\n",
       "    <tr>\n",
       "      <th>2</th>\n",
       "      <td>0.560748</td>\n",
       "      <td>0.572446</td>\n",
       "      <td>0.314556</td>\n",
       "      <td>0.607547</td>\n",
       "      <td>0.252367</td>\n",
       "    </tr>\n",
       "    <tr>\n",
       "      <th>3</th>\n",
       "      <td>0.455877</td>\n",
       "      <td>0.492838</td>\n",
       "      <td>0.539180</td>\n",
       "      <td>0.232804</td>\n",
       "      <td>0.420092</td>\n",
       "    </tr>\n",
       "    <tr>\n",
       "      <th>4</th>\n",
       "      <td>0.267608</td>\n",
       "      <td>0.232679</td>\n",
       "      <td>0.107385</td>\n",
       "      <td>0.798177</td>\n",
       "      <td>0.189125</td>\n",
       "    </tr>\n",
       "    <tr>\n",
       "      <th>5</th>\n",
       "      <td>0.227369</td>\n",
       "      <td>0.798886</td>\n",
       "      <td>0.209409</td>\n",
       "      <td>0.562038</td>\n",
       "      <td>0.795798</td>\n",
       "    </tr>\n",
       "    <tr>\n",
       "      <th>6</th>\n",
       "      <td>0.197538</td>\n",
       "      <td>0.880312</td>\n",
       "      <td>0.166776</td>\n",
       "      <td>0.795233</td>\n",
       "      <td>0.707963</td>\n",
       "    </tr>\n",
       "    <tr>\n",
       "      <th>7</th>\n",
       "      <td>0.137807</td>\n",
       "      <td>0.596638</td>\n",
       "      <td>0.165356</td>\n",
       "      <td>0.299236</td>\n",
       "      <td>0.983297</td>\n",
       "    </tr>\n",
       "    <tr>\n",
       "      <th>8</th>\n",
       "      <td>0.068916</td>\n",
       "      <td>0.336842</td>\n",
       "      <td>0.763202</td>\n",
       "      <td>0.395569</td>\n",
       "      <td>0.603411</td>\n",
       "    </tr>\n",
       "    <tr>\n",
       "      <th>9</th>\n",
       "      <td>0.007686</td>\n",
       "      <td>0.284739</td>\n",
       "      <td>0.405392</td>\n",
       "      <td>0.087751</td>\n",
       "      <td>0.700135</td>\n",
       "    </tr>\n",
       "  </tbody>\n",
       "</table>\n",
       "</div>"
      ],
      "text/plain": [
       "   banana_density  banana_mass  apple_density  apple_mass  mango_mass\n",
       "0        0.629501     0.796544       0.074215    0.350283    0.527596\n",
       "1        0.596787     0.027990       0.964768    0.863551    0.516242\n",
       "2        0.560748     0.572446       0.314556    0.607547    0.252367\n",
       "3        0.455877     0.492838       0.539180    0.232804    0.420092\n",
       "4        0.267608     0.232679       0.107385    0.798177    0.189125\n",
       "5        0.227369     0.798886       0.209409    0.562038    0.795798\n",
       "6        0.197538     0.880312       0.166776    0.795233    0.707963\n",
       "7        0.137807     0.596638       0.165356    0.299236    0.983297\n",
       "8        0.068916     0.336842       0.763202    0.395569    0.603411\n",
       "9        0.007686     0.284739       0.405392    0.087751    0.700135"
      ]
     },
     "execution_count": 16,
     "metadata": {},
     "output_type": "execute_result"
    }
   ],
   "source": [
    "df_new # confirm dataframe redefined"
   ]
  },
  {
   "cell_type": "code",
   "execution_count": 17,
   "metadata": {},
   "outputs": [],
   "source": [
    "df_super_new = (df_new\n",
    "                .sort_values(\"mango_mass\")\n",
    "                .reset_index(drop = True))\n",
    "# sort values based on \"mango_mass\" column\n",
    "# reset only index except data\n",
    "# define this sorted and reseted dataframe as \"df_super_new\""
   ]
  },
  {
   "cell_type": "code",
   "execution_count": 18,
   "metadata": {},
   "outputs": [
    {
     "data": {
      "text/plain": [
       "0     True\n",
       "1    False\n",
       "2     True\n",
       "3     True\n",
       "4    False\n",
       "5     True\n",
       "6     True\n",
       "7    False\n",
       "8    False\n",
       "9    False\n",
       "Name: banana_mass, dtype: bool"
      ]
     },
     "execution_count": 18,
     "metadata": {},
     "output_type": "execute_result"
    }
   ],
   "source": [
    "df_super_new[\"banana_mass\"] < 0.5\n",
    "# check values less than 0.5 & show"
   ]
  },
  {
   "cell_type": "code",
   "execution_count": 19,
   "metadata": {},
   "outputs": [
    {
     "data": {
      "text/html": [
       "<div>\n",
       "<style scoped>\n",
       "    .dataframe tbody tr th:only-of-type {\n",
       "        vertical-align: middle;\n",
       "    }\n",
       "\n",
       "    .dataframe tbody tr th {\n",
       "        vertical-align: top;\n",
       "    }\n",
       "\n",
       "    .dataframe thead th {\n",
       "        text-align: right;\n",
       "    }\n",
       "</style>\n",
       "<table border=\"1\" class=\"dataframe\">\n",
       "  <thead>\n",
       "    <tr style=\"text-align: right;\">\n",
       "      <th></th>\n",
       "      <th>banana_density</th>\n",
       "      <th>banana_mass</th>\n",
       "      <th>apple_density</th>\n",
       "      <th>apple_mass</th>\n",
       "      <th>mango_mass</th>\n",
       "    </tr>\n",
       "  </thead>\n",
       "  <tbody>\n",
       "    <tr>\n",
       "      <th>0</th>\n",
       "      <td>0.267608</td>\n",
       "      <td>0.232679</td>\n",
       "      <td>0.107385</td>\n",
       "      <td>0.798177</td>\n",
       "      <td>0.189125</td>\n",
       "    </tr>\n",
       "    <tr>\n",
       "      <th>2</th>\n",
       "      <td>0.455877</td>\n",
       "      <td>0.492838</td>\n",
       "      <td>0.539180</td>\n",
       "      <td>0.232804</td>\n",
       "      <td>0.420092</td>\n",
       "    </tr>\n",
       "    <tr>\n",
       "      <th>3</th>\n",
       "      <td>0.596787</td>\n",
       "      <td>0.027990</td>\n",
       "      <td>0.964768</td>\n",
